activity,CIR,FirstPathPL,maxNoise,RX_level,FPPL
0,1890.0,47804.0,1765.0,-79.335517,-81.312988
0,1890.0,47804.0,1765.0,-79.335517,-81.312988
1,1890.0,47804.0,1765.0,-79.335517,-81.312988
1,1890.0,47804.0,1765.0,-79.335517,-81.312988
2,1890.0,47804.0,1765.0,-79.335517,-81.312988
2,1890.0,47804.0,1765.0,-79.335517,-81.312988
3,1890.0,47804.0,1765.0,-79.335517,-81.312988
3,1890.0,47804.0,1765.0,-79.335517,-81.312988
4,1890.0,47804.0,1765.0,-79.335517,-81.312988
4,2044.0,47711.0,1727.0,-79.237922,-82.360763
5,2044.0,47711.0,1727.0,-79.237922,-82.360763
5,2044.0,47711.0,1727.0,-79.237922,-82.360763
6,2044.0,47711.0,1727.0,-79.237922,-82.360763
6,2044.0,47711.0,1727.0,-79.237922,-82.360763
7,2044.0,47711.0,1727.0,-79.237922,-82.360763
7,2044.0,47711.0,1727.0,-79.237922,-82.360763
8,2044.0,47711.0,1727.0,-79.237922,-82.360763
8,2044.0,47711.0,1727.0,-79.237922,-82.360763
9,2044.0,47711.0,1727.0,-79.237922,-82.360763
9,2060.0,48096.0,1481.0,-78.897727,-80.987831
10,2060.0,48096.0,1481.0,-78.897727,-80.987831
10,2060.0,48096.0,1481.0,-78.897727,-80.987831
11,2060.0,48096.0,1481.0,-78.897727,-80.987831
11,2060.0,48096.0,1481.0,-78.897727,-80.987831
12,2060.0,48096.0,1481.0,-78.897727,-80.987831
12,2060.0,48096.0,1481.0,-78.897727,-80.987831
13,2060.0,48096.0,1481.0,-78.897727,-80.987831
13,2060.0,48096.0,1481.0,-78.897727,-80.987831
14,1753.0,47978.0,1542.0,-78.863868,-81.135978
14,1753.0,47978.0,1542.0,-78.863868,-81.135978
15,1753.0,47978.0,1542.0,-78.863868,-81.135978
15,1753.0,47978.0,1542.0,-78.863868,-81.135978
16,1753.0,47978.0,1542.0,-78.863868,-81.135978
16,1753.0,47978.0,1542.0,-78.863868,-81.135978
17,1753.0,47978.0,1542.0,-78.863868,-81.135978
17,1753.0,47978.0,1542.0,-78.863868,-81.135978
18,1753.0,47978.0,1542.0,-78.863868,-81.135978
18,1753.0,47978.0,1542.0,-78.863868,-81.135978
19,1825.0,47912.0,1483.0,-79.56472,-81.605827
19,1825.0,47912.0,1483.0,-79.56472,-81.605827
20,1825.0,47912.0,1483.0,-79.56472,-81.605827
20,1825.0,47912.0,1483.0,-79.56472,-81.605827
21,1825.0,47912.0,1483.0,-79.56472,-81.605827
21,1825.0,47912.0,1483.0,-79.56472,-81.605827
22,1825.0,47912.0,1483.0,-79.56472,-81.605827
22,1825.0,47912.0,1483.0,-79.56472,-81.605827
23,1825.0,47912.0,1483.0,-79.56472,-81.605827
23,1825.0,47912.0,1483.0,-79.56472,-81.605827
24,1928.0,47876.0,1446.0,-79.389907,-81.618064
24,1928.0,47876.0,1446.0,-79.389907,-81.618064
25,1928.0,47876.0,1446.0,-79.389907,-81.618064
25,1928.0,47876.0,1446.0,-79.389907,-81.618064
26,1928.0,47876.0,1446.0,-79.389907,-81.618064
26,1928.0,47876.0,1446.0,-79.389907,-81.618064
27,1928.0,47876.0,1446.0,-79.389907,-81.618064
27,1928.0,47876.0,1446.0,-79.389907,-81.618064
28,1928.0,47876.0,1446.0,-79.389907,-81.618064
28,2115.0,47776.0,1541.0,-79.151466,-81.350944
29,2115.0,47776.0,1541.0,-79.151466,-81.350944
29,2115.0,47776.0,1541.0,-79.151466,-81.350944
30,2115.0,47776.0,1541.0,-79.151466,-81.350944
30,2115.0,47776.0,1541.0,-79.151466,-81.350944
31,2115.0,47776.0,1541.0,-79.151466,-81.350944
31,2115.0,47776.0,1541.0,-79.151466,-81.350944
32,2115.0,47776.0,1541.0,-79.151466,-81.350944
32,2115.0,47776.0,1541.0,-79.151466,-81.350944
33,2122.0,47649.0,2123.0,-78.749435,-81.203979
33,2122.0,47649.0,2123.0,-78.749435,-81.203979
34,2122.0,47649.0,2123.0,-78.749435,-81.203979
34,2122.0,47649.0,2123.0,-78.749435,-81.203979
35,2122.0,47649.0,2123.0,-78.749435,-81.203979
35,2122.0,47649.0,2123.0,-78.749435,-81.203979
36,2122.0,47649.0,2123.0,-78.749435,-81.203979
36,2122.0,47649.0,2123.0,-78.749435,-81.203979
37,2122.0,47649.0,2123.0,-78.749435,-81.203979
37,1918.0,48040.0,1638.0,-78.735084,-81.036697
38,1918.0,48040.0,1638.0,-78.735084,-81.036697
38,1918.0,48040.0,1638.0,-78.735084,-81.036697
39,1918.0,48040.0,1638.0,-78.735084,-81.036697
39,1918.0,48040.0,1638.0,-78.735084,-81.036697
40,1918.0,48040.0,1638.0,-78.735084,-81.036697
40,1918.0,48040.0,1638.0,-78.735084,-81.036697
41,1918.0,48040.0,1638.0,-78.735084,-81.036697
41,1918.0,48040.0,1638.0,-78.735084,-81.036697
42,1918.0,48040.0,1638.0,-78.735084,-81.036697
42,2039.0,47969.0,1855.0,-79.174049,-81.472488
43,2039.0,47969.0,1855.0,-79.174049,-81.472488
43,2039.0,47969.0,1855.0,-79.174049,-81.472488
44,2039.0,47969.0,1855.0,-79.174049,-81.472488
44,2039.0,47969.0,1855.0,-79.174049,-81.472488
45,2039.0,47969.0,1855.0,-79.174049,-81.472488
45,2039.0,47969.0,1855.0,-79.174049,-81.472488
46,2039.0,47969.0,1855.0,-79.174049,-81.472488
46,2039.0,47969.0,1855.0,-79.174049,-81.472488
47,1819.0,47932.0,1703.0,-78.908363,-81.2014
47,1819.0,47932.0,1703.0,-78.908363,-81.2014
48,1819.0,47932.0,1703.0,-78.908363,-81.2014
48,1819.0,47932.0,1703.0,-78.908363,-81.2014
49,1819.0,47932.0,1703.0,-78.908363,-81.2014
49,1819.0,47932.0,1703.0,-78.908363,-81.2014
50,1819.0,47932.0,1703.0,-78.908363,-81.2014
50,1819.0,47932.0,1703.0,-78.908363,-81.2014
51,1819.0,47932.0,1703.0,-78.908363,-81.2014
51,1819.0,47932.0,1703.0,-78.908363,-81.2014
52,2154.0,47837.0,1926.0,-79.404212,-82.426925
52,2154.0,47837.0,1926.0,-79.404212,-82.426925
53,2154.0,47837.0,1926.0,-79.404212,-82.426925
53,2154.0,47837.0,1926.0,-79.404212,-82.426925
54,2154.0,47837.0,1926.0,-79.404212,-82.426925
54,2154.0,47837.0,1926.0,-79.404212,-82.426925
55,2154.0,47837.0,1926.0,-79.404212,-82.426925
55,2154.0,47837.0,1926.0,-79.404212,-82.426925
56,2154.0,47837.0,1926.0,-79.404212,-82.426925
56,2159.0,47711.0,1632.0,-78.670082,-80.829544
57,2159.0,47711.0,1632.0,-78.670082,-80.829544
57,2159.0,47711.0,1632.0,-78.670082,-80.829544
58,2159.0,47711.0,1632.0,-78.670082,-80.829544
58,2159.0,47711.0,1632.0,-78.670082,-80.829544
59,2159.0,47711.0,1632.0,-78.670082,-80.829544
59,2159.0,47711.0,1632.0,-78.670082,-80.829544
60,2159.0,47711.0,1632.0,-78.670082,-80.829544
60,2159.0,47711.0,1632.0,-78.670082,-80.829544
61,2159.0,47711.0,1632.0,-78.670082,-80.829544
61,2134.0,47582.0,1929.0,-78.660011,-80.948234
62,2134.0,47582.0,1929.0,-78.660011,-80.948234
62,2134.0,47582.0,1929.0,-78.660011,-80.948234
63,2134.0,47582.0,1929.0,-78.660011,-80.948234
63,2134.0,47582.0,1929.0,-78.660011,-80.948234
64,2134.0,47582.0,1929.0,-78.660011,-80.948234
64,2134.0,47582.0,1929.0,-78.660011,-80.948234
65,2134.0,47582.0,1929.0,-78.660011,-80.948234
65,2134.0,47582.0,1929.0,-78.660011,-80.948234
66,2153.0,48030.0,1734.0,-78.710594,-80.907653
66,2153.0,48030.0,1734.0,-78.710594,-80.907653
67,2153.0,48030.0,1734.0,-78.710594,-80.907653
67,2153.0,48030.0,1734.0,-78.710594,-80.907653
68,2153.0,48030.0,1734.0,-78.710594,-80.907653
68,2153.0,48030.0,1734.0,-78.710594,-80.907653
69,2153.0,48030.0,1734.0,-78.710594,-80.907653
69,2153.0,48030.0,1734.0,-78.710594,-80.907653
70,2153.0,48030.0,1734.0,-78.710594,-80.907653
70,2153.0,48030.0,1734.0,-78.710594,-80.907653
71,2061.0,47969.0,1853.0,-78.672096,-80.870712
71,2061.0,47969.0,1853.0,-78.672096,-80.870712
72,2061.0,47969.0,1853.0,-78.672096,-80.870712
72,2061.0,47969.0,1853.0,-78.672096,-80.870712
73,2061.0,47969.0,1853.0,-78.672096,-80.870712
73,2061.0,47969.0,1853.0,-78.672096,-80.870712
74,2061.0,47969.0,1853.0,-78.672096,-80.870712
74,2061.0,47969.0,1853.0,-78.672096,-80.870712
75,2061.0,47969.0,1853.0,-78.672096,-80.870712
75,2052.0,47899.0,1629.0,-78.861755,-81.282691
76,2052.0,47899.0,1629.0,-78.861755,-81.282691
76,2052.0,47899.0,1629.0,-78.861755,-81.282691
77,2052.0,47899.0,1629.0,-78.861755,-81.282691
77,2052.0,47899.0,1629.0,-78.861755,-81.282691
78,2052.0,47899.0,1629.0,-78.861755,-81.282691
78,2052.0,47899.0,1629.0,-78.861755,-81.282691
79,2052.0,47899.0,1629.0,-78.861755,-81.282691
79,2052.0,47899.0,1629.0,-78.861755,-81.282691
80,2052.0,47899.0,1629.0,-78.861755,-81.282691
80,2049.0,47770.0,1470.0,-78.880767,-80.921363
81,2049.0,47770.0,1470.0,-78.880767,-80.921363
81,2049.0,47770.0,1470.0,-78.880767,-80.921363
82,2049.0,47770.0,1470.0,-78.880767,-80.921363
82,2049.0,47770.0,1470.0,-78.880767,-80.921363
83,2049.0,47770.0,1470.0,-78.880767,-80.921363
83,2049.0,47770.0,1470.0,-78.880767,-80.921363
84,2049.0,47770.0,1470.0,-78.880767,-80.921363
84,2059.0,47643.0,1727.0,-78.887115,-81.199722
85,2059.0,47643.0,1727.0,-78.887115,-81.199722
85,2059.0,47643.0,1727.0,-78.887115,-81.199722
86,2059.0,47643.0,1727.0,-78.887115,-81.199722
86,2059.0,47643.0,1727.0,-78.887115,-81.199722
87,2059.0,47643.0,1727.0,-78.887115,-81.199722
87,2059.0,47643.0,1727.0,-78.887115,-81.199722
88,2059.0,47643.0,1727.0,-78.887115,-81.199722
88,2059.0,47643.0,1727.0,-78.887115,-81.199722
89,2059.0,47643.0,1727.0,-78.887115,-81.199722
89,2150.0,48091.0,1631.0,-78.865974,-80.985778
90,2150.0,48091.0,1631.0,-78.865974,-80.985778
90,2150.0,48091.0,1631.0,-78.865974,-80.985778
91,2150.0,48091.0,1631.0,-78.865974,-80.985778
91,2150.0,48091.0,1631.0,-78.865974,-80.985778
92,2150.0,48091.0,1631.0,-78.865974,-80.985778
92,2150.0,48091.0,1631.0,-78.865974,-80.985778
93,2150.0,48091.0,1631.0,-78.865974,-80.985778
93,2150.0,48091.0,1631.0,-78.865974,-80.985778
94,2141.0,48029.0,1631.0,-78.678154,-80.87445
94,2141.0,48029.0,1631.0,-78.678154,-80.87445
95,2141.0,48029.0,1631.0,-78.678154,-80.87445
95,2141.0,48029.0,1631.0,-78.678154,-80.87445
96,2141.0,48029.0,1631.0,-78.678154,-80.87445
96,2141.0,48029.0,1631.0,-78.678154,-80.87445
97,2141.0,48029.0,1631.0,-78.678154,-80.87445
97,2141.0,48029.0,1631.0,-78.678154,-80.87445
98,2141.0,48029.0,1631.0,-78.678154,-80.87445
98,2141.0,48029.0,1631.0,-78.678154,-80.87445
99,2078.0,47953.0,1643.0,-78.696373,-80.89508
99,2078.0,47953.0,1643.0,-78.696373,-80.89508
100,2078.0,47953.0,1643.0,-78.696373,-80.89508
100,2078.0,47953.0,1643.0,-78.696373,-80.89508
101,2078.0,47953.0,1643.0,-78.696373,-80.89508
101,2078.0,47953.0,1643.0,-78.696373,-80.89508
102,2078.0,47953.0,1643.0,-78.696373,-80.89508
102,2078.0,47953.0,1643.0,-78.696373,-80.89508
103,2078.0,47953.0,1643.0,-78.696373,-80.89508
103,1959.0,47829.0,1645.0,-78.82608,-81.300926
104,1959.0,47829.0,1645.0,-78.82608,-81.300926
104,1959.0,47829.0,1645.0,-78.82608,-81.300926
105,1959.0,47829.0,1645.0,-78.82608,-81.300926
105,1959.0,47829.0,1645.0,-78.82608,-81.300926
106,1959.0,47829.0,1645.0,-78.82608,-81.300926
106,1959.0,47829.0,1645.0,-78.82608,-81.300926
107,1959.0,47829.0,1645.0,-78.82608,-81.300926
107,1959.0,47829.0,1645.0,-78.82608,-81.300926
108,1959.0,47829.0,1645.0,-78.82608,-81.300926
108,1854.0,47700.0,1512.0,-79.082191,-81.366371
109,1854.0,47700.0,1512.0,-79.082191,-81.366371
109,1854.0,47700.0,1512.0,-79.082191,-81.366371
110,1854.0,47700.0,1512.0,-79.082191,-81.366371
110,1854.0,47700.0,1512.0,-79.082191,-81.366371
111,1854.0,47700.0,1512.0,-79.082191,-81.366371
111,1854.0,47700.0,1512.0,-79.082191,-81.366371
112,1854.0,47700.0,1512.0,-79.082191,-81.366371
112,1854.0,47700.0,1512.0,-79.082191,-81.366371
113,2024.0,47632.0,1841.0,-79.321441,-81.843719
113,2024.0,47632.0,1841.0,-79.321441,-81.843719
114,2024.0,47632.0,1841.0,-79.321441,-81.843719
114,2024.0,47632.0,1841.0,-79.321441,-81.843719
115,2024.0,47632.0,1841.0,-79.321441,-81.843719
115,2024.0,47632.0,1841.0,-79.321441,-81.843719
116,2024.0,47632.0,1841.0,-79.321441,-81.843719
116,2024.0,47632.0,1841.0,-79.321441,-81.843719
117,2024.0,47632.0,1841.0,-79.321441,-81.843719
117,2060.0,48086.0,1824.0,-78.940437,-81.476158
118,2060.0,48086.0,1824.0,-78.940437,-81.476158
118,2060.0,48086.0,1824.0,-78.940437,-81.476158
119,2060.0,48086.0,1824.0,-78.940437,-81.476158
119,2060.0,48086.0,1824.0,-78.940437,-81.476158
120,2060.0,48086.0,1824.0,-78.940437,-81.476158
120,2060.0,48086.0,1824.0,-78.940437,-81.476158
121,2060.0,48086.0,1824.0,-78.940437,-81.476158
121,2060.0,48086.0,1824.0,-78.940437,-81.476158
122,2060.0,48086.0,1824.0,-78.940437,-81.476158
122,1917.0,47971.0,1851.0,-78.863868,-81.21878
123,1917.0,47971.0,1851.0,-78.863868,-81.21878
123,1917.0,47971.0,1851.0,-78.863868,-81.21878
124,1917.0,47971.0,1851.0,-78.863868,-81.21878
124,1917.0,47971.0,1851.0,-78.863868,-81.21878
125,1917.0,47971.0,1851.0,-78.863868,-81.21878
125,1917.0,47971.0,1851.0,-78.863868,-81.21878
126,1917.0,47971.0,1851.0,-78.863868,-81.21878
126,1917.0,47971.0,1851.0,-78.863868,-81.21878
127,2018.0,47837.0,1774.0,-79.176315,-81.526275
127,2018.0,47837.0,1774.0,-79.176315,-81.526275
128,2018.0,47837.0,1774.0,-79.176315,-81.526275
128,2018.0,47837.0,1774.0,-79.176315,-81.526275
129,2018.0,47837.0,1774.0,-79.176315,-81.526275
129,2018.0,47837.0,1774.0,-79.176315,-81.526275
130,2018.0,47837.0,1774.0,-79.176315,-81.526275
130,2018.0,47837.0,1774.0,-79.176315,-81.526275
131,2018.0,47837.0,1774.0,-79.176315,-81.526275
131,2018.0,47837.0,1774.0,-79.176315,-81.526275
132,2074.0,47709.0,1948.0,-78.953323,-81.431228
132,2074.0,47709.0,1948.0,-78.953323,-81.431228
133,2074.0,47709.0,1948.0,-78.953323,-81.431228
133,2074.0,47709.0,1948.0,-78.953323,-81.431228
134,2074.0,47709.0,1948.0,-78.953323,-81.431228
134,2074.0,47709.0,1948.0,-78.953323,-81.431228
135,2074.0,47709.0,1948.0,-78.953323,-81.431228
135,2074.0,47709.0,1948.0,-78.953323,-81.431228
136,2074.0,47709.0,1948.0,-78.953323,-81.431228
136,2072.0,47646.0,1826.0,-78.834449,-81.123054
137,2072.0,47646.0,1826.0,-78.834449,-81.123054
137,2072.0,47646.0,1826.0,-78.834449,-81.123054
138,2072.0,47646.0,1826.0,-78.834449,-81.123054
138,2072.0,47646.0,1826.0,-78.834449,-81.123054
139,2072.0,47646.0,1826.0,-78.834449,-81.123054
139,2072.0,47646.0,1826.0,-78.834449,-81.123054
140,2072.0,47646.0,1826.0,-78.834449,-81.123054
140,2072.0,47646.0,1826.0,-78.834449,-81.123054
141,2072.0,47646.0,1826.0,-78.834449,-81.123054
141,2110.0,48094.0,1827.0,-78.838638,-80.977058
142,2110.0,48094.0,1827.0,-78.838638,-80.977058
142,2110.0,48094.0,1827.0,-78.838638,-80.977058
143,2110.0,48094.0,1827.0,-78.838638,-80.977058
143,2110.0,48094.0,1827.0,-78.838638,-80.977058
144,2110.0,48094.0,1827.0,-78.838638,-80.977058
144,2110.0,48094.0,1827.0,-78.838638,-80.977058
145,2110.0,48094.0,1827.0,-78.838638,-80.977058
145,2110.0,48094.0,1827.0,-78.838638,-80.977058
146,1970.0,48024.0,1838.0,-78.759712,-80.800224
146,1970.0,48024.0,1838.0,-78.759712,-80.800224
147,1970.0,48024.0,1838.0,-78.759712,-80.800224
147,1970.0,48024.0,1838.0,-78.759712,-80.800224
148,1970.0,48024.0,1838.0,-78.759712,-80.800224
148,1970.0,48024.0,1838.0,-78.759712,-80.800224
149,1970.0,48024.0,1838.0,-78.759712,-80.800224
149,1970.0,48024.0,1838.0,-78.759712,-80.800224
150,1970.0,48024.0,1838.0,-78.759712,-80.800224
150,1970.0,48024.0,1838.0,-78.759712,-80.800224
151,1868.0,47889.0,1740.0,-79.057876,-81.265266
151,1868.0,47889.0,1740.0,-79.057876,-81.265266
152,1868.0,47889.0,1740.0,-79.057876,-81.265266
152,1868.0,47889.0,1740.0,-79.057876,-81.265266
153,1868.0,47889.0,1740.0,-79.057876,-81.265266
153,1868.0,47889.0,1740.0,-79.057876,-81.265266
154,1868.0,47889.0,1740.0,-79.057876,-81.265266
154,1868.0,47889.0,1740.0,-79.057876,-81.265266
155,1868.0,47889.0,1740.0,-79.057876,-81.265266
155,1992.0,47751.0,1543.0,-79.288772,-81.569534
156,1992.0,47751.0,1543.0,-79.288772,-81.569534
156,1992.0,47751.0,1543.0,-79.288772,-81.569534
157,1992.0,47751.0,1543.0,-79.288772,-81.569534
157,1992.0,47751.0,1543.0,-79.288772,-81.569534
158,1992.0,47751.0,1543.0,-79.288772,-81.569534
158,1992.0,47751.0,1543.0,-79.288772,-81.569534
159,1992.0,47751.0,1543.0,-79.288772,-81.569534
159,1992.0,47751.0,1543.0,-79.288772,-81.569534
160,1992.0,47751.0,1543.0,-79.288772,-81.569534
160,1945.0,47656.0,1955.0,-79.009643,-81.530876
161,1945.0,47656.0,1955.0,-79.009643,-81.530876
161,1945.0,47656.0,1955.0,-79.009643,-81.530876
162,1945.0,47656.0,1955.0,-79.009643,-81.530876
162,1945.0,47656.0,1955.0,-79.009643,-81.530876
163,1945.0,47656.0,1955.0,-79.009643,-81.530876
163,1945.0,47656.0,1955.0,-79.009643,-81.530876
164,1945.0,47656.0,1955.0,-79.009643,-81.530876
164,1945.0,47656.0,1955.0,-79.009643,-81.530876
165,1955.0,47603.0,1653.0,-79.113342,-81.484298
165,1955.0,47603.0,1653.0,-79.113342,-81.484298
166,1955.0,47603.0,1653.0,-79.113342,-81.484298
166,1955.0,47603.0,1653.0,-79.113342,-81.484298
167,1955.0,47603.0,1653.0,-79.113342,-81.484298
167,1955.0,47603.0,1653.0,-79.113342,-81.484298
168,1955.0,47603.0,1653.0,-79.113342,-81.484298
168,1955.0,47603.0,1653.0,-79.113342,-81.484298
169,1955.0,47603.0,1653.0,-79.113342,-81.484298
169,1964.0,48027.0,1652.0,-79.091072,-81.794654
170,1964.0,48027.0,1652.0,-79.091072,-81.794654
170,1964.0,48027.0,1652.0,-79.091072,-81.794654
171,1964.0,48027.0,1652.0,-79.091072,-81.794654
171,1964.0,48027.0,1652.0,-79.091072,-81.794654
172,1964.0,48027.0,1652.0,-79.091072,-81.794654
172,1964.0,48027.0,1652.0,-79.091072,-81.794654
173,1964.0,48027.0,1652.0,-79.091072,-81.794654
173,1964.0,48027.0,1652.0,-79.091072,-81.794654
174,1887.0,47899.0,1590.0,-79.071121,-81.219825
174,1887.0,47899.0,1590.0,-79.071121,-81.219825
175,1887.0,47899.0,1590.0,-79.071121,-81.219825
175,1887.0,47899.0,1590.0,-79.071121,-81.219825
176,1887.0,47899.0,1590.0,-79.071121,-81.219825
176,1887.0,47899.0,1590.0,-79.071121,-81.219825
177,1887.0,47899.0,1590.0,-79.071121,-81.219825
177,1887.0,47899.0,1590.0,-79.071121,-81.219825
178,1887.0,47899.0,1590.0,-79.071121,-81.219825
178,1887.0,47899.0,1590.0,-79.071121,-81.219825
179,2029.0,47768.0,1528.0,-79.244819,-81.411819
179,2029.0,47768.0,1528.0,-79.244819,-81.411819
180,2029.0,47768.0,1528.0,-79.244819,-81.411819
180,2029.0,47768.0,1528.0,-79.244819,-81.411819
181,2029.0,47768.0,1528.0,-79.244819,-81.411819
181,2029.0,47768.0,1528.0,-79.244819,-81.411819
182,2029.0,47768.0,1528.0,-79.244819,-81.411819
182,2029.0,47768.0,1528.0,-79.244819,-81.411819
183,2029.0,47768.0,1528.0,-79.244819,-81.411819
183,1974.0,47693.0,1835.0,-78.929718,-81.212348
184,1974.0,47693.0,1835.0,-78.929718,-81.212348
184,1974.0,47693.0,1835.0,-78.929718,-81.212348
185,1974.0,47693.0,1835.0,-78.929718,-81.212348
185,1974.0,47693.0,1835.0,-78.929718,-81.212348
186,1974.0,47693.0,1835.0,-78.929718,-81.212348
186,1974.0,47693.0,1835.0,-78.929718,-81.212348
187,1974.0,47693.0,1835.0,-78.929718,-81.212348
187,1974.0,47693.0,1835.0,-78.929718,-81.212348
188,1974.0,47693.0,1835.0,-78.929718,-81.212348
188,1901.0,47626.0,1735.0,-79.049064,-81.2826
189,1901.0,47626.0,1735.0,-79.049064,-81.2826
189,1901.0,47626.0,1735.0,-79.049064,-81.2826
190,1901.0,47626.0,1735.0,-79.049064,-81.2826
190,1901.0,47626.0,1735.0,-79.049064,-81.2826
191,1901.0,47626.0,1735.0,-79.049064,-81.2826
191,1901.0,47626.0,1735.0,-79.049064,-81.2826
192,1901.0,47626.0,1735.0,-79.049064,-81.2826
192,1901.0,47626.0,1735.0,-79.049064,-81.2826
193,2090.0,48028.0,1533.0,-79.212715,-81.560142
193,2090.0,48028.0,1533.0,-79.212715,-81.560142
194,2090.0,48028.0,1533.0,-79.212715,-81.560142
194,2090.0,48028.0,1533.0,-79.212715,-81.560142
195,2090.0,48028.0,1533.0,-79.212715,-81.560142
195,2090.0,48028.0,1533.0,-79.212715,-81.560142
196,2090.0,48028.0,1533.0,-79.212715,-81.560142
196,2090.0,48028.0,1533.0,-79.212715,-81.560142
197,2090.0,48028.0,1533.0,-79.212715,-81.560142
197,2090.0,48028.0,1533.0,-79.212715,-81.560142
198,1992.0,47898.0,1660.0,-78.801078,-80.884971
198,1992.0,47898.0,1660.0,-78.801078,-80.884971
199,1992.0,47898.0,1660.0,-78.801078,-80.884971
199,1992.0,47898.0,1660.0,-78.801078,-80.884971
200,1992.0,47898.0,1660.0,-78.801078,-80.884971
200,1992.0,47898.0,1660.0,-78.801078,-80.884971
201,1992.0,47898.0,1660.0,-78.801078,-80.884971
201,1992.0,47898.0,1660.0,-78.801078,-80.884971
202,1992.0,47898.0,1660.0,-78.801078,-80.884971
202,2042.0,47771.0,1732.0,-79.009643,-81.144332
203,2042.0,47771.0,1732.0,-79.009643,-81.144332
203,2042.0,47771.0,1732.0,-79.009643,-81.144332
204,2042.0,47771.0,1732.0,-79.009643,-81.144332
204,2042.0,47771.0,1732.0,-79.009643,-81.144332
205,2042.0,47771.0,1732.0,-79.009643,-81.144332
205,2042.0,47771.0,1732.0,-79.009643,-81.144332
206,2042.0,47771.0,1732.0,-79.009643,-81.144332
206,2042.0,47771.0,1732.0,-79.009643,-81.144332
207,2042.0,47771.0,1732.0,-79.009643,-81.144332
207,1912.0,47696.0,1642.0,-78.901985,-80.990585
208,1912.0,47696.0,1642.0,-78.901985,-80.990585
208,1912.0,47696.0,1642.0,-78.901985,-80.990585
209,1912.0,47696.0,1642.0,-78.901985,-80.990585
209,1912.0,47696.0,1642.0,-78.901985,-80.990585
210,1912.0,47696.0,1642.0,-78.901985,-80.990585
210,1912.0,47696.0,1642.0,-78.901985,-80.990585
211,1912.0,47696.0,1642.0,-78.901985,-80.990585
211,1912.0,47696.0,1642.0,-78.901985,-80.990585
212,1780.0,47625.0,1517.0,-79.18766,-81.261039
212,1780.0,47625.0,1517.0,-79.18766,-81.261039
213,1780.0,47625.0,1517.0,-79.18766,-81.261039
213,1780.0,47625.0,1517.0,-79.18766,-81.261039
214,1780.0,47625.0,1517.0,-79.18766,-81.261039
214,1780.0,47625.0,1517.0,-79.18766,-81.261039
215,1780.0,47625.0,1517.0,-79.18766,-81.261039
215,1780.0,47625.0,1517.0,-79.18766,-81.261039
216,1780.0,47625.0,1517.0,-79.18766,-81.261039
216,2093.0,48028.0,1830.0,-79.498336,-81.652938
217,2093.0,48028.0,1830.0,-79.498336,-81.652938
217,2093.0,48028.0,1830.0,-79.498336,-81.652938
218,2093.0,48028.0,1830.0,-79.498336,-81.652938
218,2093.0,48028.0,1830.0,-79.498336,-81.652938
219,2093.0,48028.0,1830.0,-79.498336,-81.652938
219,2093.0,48028.0,1830.0,-79.498336,-81.652938
220,2093.0,48028.0,1830.0,-79.498336,-81.652938
220,2093.0,48028.0,1830.0,-79.498336,-81.652938
221,2039.0,47899.0,1535.0,-78.794845,-80.770607
221,2039.0,47899.0,1535.0,-78.794845,-80.770607
222,2039.0,47899.0,1535.0,-78.794845,-80.770607
222,2039.0,47899.0,1535.0,-78.794845,-80.770607
223,2039.0,47899.0,1535.0,-78.794845,-80.770607
223,2039.0,47899.0,1535.0,-78.794845,-80.770607
224,2039.0,47899.0,1535.0,-78.794845,-80.770607
224,2039.0,47899.0,1535.0,-78.794845,-80.770607
225,2039.0,47899.0,1535.0,-78.794845,-80.770607
225,2039.0,47899.0,1535.0,-78.794845,-80.770607
226,1952.0,47760.0,1476.0,-78.908363,-80.966552
226,1952.0,47760.0,1476.0,-78.908363,-80.966552
227,1952.0,47760.0,1476.0,-78.908363,-80.966552
227,1952.0,47760.0,1476.0,-78.908363,-80.966552
228,1952.0,47760.0,1476.0,-78.908363,-80.966552
228,1952.0,47760.0,1476.0,-78.908363,-80.966552
229,1952.0,47760.0,1476.0,-78.908363,-80.966552
229,1952.0,47760.0,1476.0,-78.908363,-80.966552
230,1952.0,47760.0,1476.0,-78.908363,-80.966552
230,2028.0,47664.0,2022.0,-79.09774,-81.540664
231,2028.0,47664.0,2022.0,-79.09774,-81.540664
231,2028.0,47664.0,2022.0,-79.09774,-81.540664
232,2028.0,47664.0,2022.0,-79.09774,-81.540664
232,2028.0,47664.0,2022.0,-79.09774,-81.540664
233,2028.0,47664.0,2022.0,-79.09774,-81.540664
233,2028.0,47664.0,2022.0,-79.09774,-81.540664
234,2028.0,47664.0,2022.0,-79.09774,-81.540664
234,2028.0,47664.0,2022.0,-79.09774,-81.540664
235,2028.0,47664.0,2022.0,-79.09774,-81.540664
235,1993.0,48095.0,2030.0,-78.931861,-81.370155
236,1993.0,48095.0,2030.0,-78.931861,-81.370155
236,1993.0,48095.0,2030.0,-78.931861,-81.370155
237,1993.0,48095.0,2030.0,-78.931861,-81.370155
237,1993.0,48095.0,2030.0,-78.931861,-81.370155
238,1993.0,48095.0,2030.0,-78.931861,-81.370155
238,1993.0,48095.0,2030.0,-78.931861,-81.370155
239,1993.0,48095.0,2030.0,-78.931861,-81.370155
239,1993.0,48095.0,2030.0,-78.931861,-81.370155
240,1993.0,48095.0,2030.0,-78.931861,-81.370155
240,1906.0,48022.0,1638.0,-79.007469,-81.123909
241,1906.0,48022.0,1638.0,-79.007469,-81.123909
241,1906.0,48022.0,1638.0,-79.007469,-81.123909
242,1906.0,48022.0,1638.0,-79.007469,-81.123909
242,1906.0,48022.0,1638.0,-79.007469,-81.123909
243,1906.0,48022.0,1638.0,-79.007469,-81.123909
243,1906.0,48022.0,1638.0,-79.007469,-81.123909
244,1906.0,48022.0,1638.0,-79.007469,-81.123909
244,1906.0,48022.0,1638.0,-79.007469,-81.123909
245,1930.0,47872.0,1742.0,-79.201309,-81.353721
245,1930.0,47872.0,1742.0,-79.201309,-81.353721
246,1930.0,47872.0,1742.0,-79.201309,-81.353721
246,1930.0,47872.0,1742.0,-79.201309,-81.353721
247,1930.0,47872.0,1742.0,-79.201309,-81.353721
247,1930.0,47872.0,1742.0,-79.201309,-81.353721
248,1930.0,47872.0,1742.0,-79.201309,-81.353721
248,1930.0,47872.0,1742.0,-79.201309,-81.353721
249,1930.0,47872.0,1742.0,-79.201309,-81.353721
249,1930.0,47872.0,1742.0,-79.201309,-81.353721
